% p = [0 0; 9 0; 4.5 9];     % 2 grains
    
% p = [0 0; 13 1; 7.4 15];      % 2 grains, unsymmetric  

% p = [0 -0.2; 3 0.2; 1.5 5];          % Debug problem

p = [0 0; 10 0; 5 9]