% bc_conv11_NBC.m
% 
% Boundary conditions for beam bending problem based on L = 16, set of
% structured mesh.  This file is for Neumann BCs for 98 elements through 
% the thickness and 392 elements over the length.
%

% Right hand side - parabolic distribution of downward shear, P = -1
force(2,38809) =  -7643743453776408*2^(-66);
force(2,38810) =  -5693608905953966*2^(-63);
force(2,38811) =  -5639710714933747*2^(-62);
force(2,38812) =  -8373818950323001*2^(-62);
force(2,38813) =  -5524564579572372*2^(-61);
force(2,38814) =  -6832820670699488*2^(-61);
force(2,38815) =  -8111677748542849*2^(-61);
force(2,38816) =  -4680567906551227*2^(-60);
force(2,38817) =  -5290597432189152*2^(-60);
force(2,38818) =  -5885927451185199*2^(-60);
force(2,38819) =  -6466557963539368*2^(-60);
force(2,38820) =  -7032488969251660*2^(-60);
force(2,38821) =  -7583720468322074*2^(-60);
force(2,38822) =  -8120252460750611*2^(-60);
force(2,38823) =  -8642084946537269*2^(-60);
force(2,38824) =  -4574608962841025*2^(-59);
force(2,38825) =  -4820825699092477*2^(-59);
force(2,38826) =  -5059692682022989*2^(-59);
force(2,38827) =  -5291209911632563*2^(-59);
force(2,38828) =  -5515377387921198*2^(-59);
force(2,38829) =  -191/19208;
force(2,38830) =  -5941663080535652*2^(-59);
force(2,38831) =  -6143781296861470*2^(-59);
force(2,38832) =  -6338549759866350*2^(-59);
force(2,38833) =  -6525968469550291*2^(-59);
force(2,38834) =  -6706037425913293*2^(-59);
force(2,38835) =  -6878756628955356*2^(-59);
force(2,38836) =  -7044126078676480*2^(-59);
force(2,38837) =  -7202145775076665*2^(-59);
force(2,38838) =  -5/392;
force(2,38839) =  -7496135907914219*2^(-59);
force(2,38840) =  -7632106344351588*2^(-59);
force(2,38841) =  -7760727027468018*2^(-59);
force(2,38842) =  -7881997957263509*2^(-59);
force(2,38843) =  -7995919133738062*2^(-59);
force(2,38844) =  -8102490556891675*2^(-59);
force(2,38845) =  -8201712226724349*2^(-59);
force(2,38846) =  -8293584143236085*2^(-59);
force(2,38847) =  -8378106306426882*2^(-59);
force(2,38848) =  -8455278716296740*2^(-59);
force(2,38849) =  -8525101372845659*2^(-59);
force(2,38850) =  -8587574276073639*2^(-59);
force(2,38851) =  -8642697425980681*2^(-59);
force(2,38852) =  -8690470822566783*2^(-59);
force(2,38853) =  -8730894465831947*2^(-59);
force(2,38854) =  -8763968355776172*2^(-59);
force(2,38855) =  -8789692492399458*2^(-59);
force(2,38856) =  -8808066875701805*2^(-59);
force(2,38857) =  -8819091505683213*2^(-59);
force(2,38858) =  -8822766382343683*2^(-59);
force(2,38859) =  -8819091505683213*2^(-59);
force(2,38860) =  -8808066875701805*2^(-59);
force(2,38861) =  -8789692492399458*2^(-59);
force(2,38862) =  -8763968355776172*2^(-59);
force(2,38863) =  -8730894465831947*2^(-59);
force(2,38864) =  -8690470822566783*2^(-59);
force(2,38865) =  -8642697425980681*2^(-59);
force(2,38866) =  -8587574276073639*2^(-59);
force(2,38867) =  -8525101372845659*2^(-59);
force(2,38868) =  -8455278716296740*2^(-59);
force(2,38869) =  -8378106306426882*2^(-59);
force(2,38870) =  -8293584143236085*2^(-59);
force(2,38871) =  -8201712226724349*2^(-59);
force(2,38872) =  -8102490556891675*2^(-59);
force(2,38873) =  -7995919133738062*2^(-59);
force(2,38874) =  -7881997957263509*2^(-59);
force(2,38875) =  -7760727027468018*2^(-59);
force(2,38876) =  -7632106344351588*2^(-59);
force(2,38877) =  -7496135907914219*2^(-59);
force(2,38878) =  -5/392;
force(2,38879) =  -7202145775076665*2^(-59);
force(2,38880) =  -7044126078676480*2^(-59);
force(2,38881) =  -6878756628955356*2^(-59);
force(2,38882) =  -6706037425913293*2^(-59);
force(2,38883) =  -6525968469550291*2^(-59);
force(2,38884) =  -6338549759866350*2^(-59);
force(2,38885) =  -6143781296861470*2^(-59);
force(2,38886) =  -5941663080535652*2^(-59);
force(2,38887) =  -191/19208;
force(2,38888) =  -5515377387921198*2^(-59);
force(2,38889) =  -5291209911632563*2^(-59);
force(2,38890) =  -5059692682022989*2^(-59);
force(2,38891) =  -4820825699092477*2^(-59);
force(2,38892) =  -4574608962841025*2^(-59);
force(2,38893) =  -8642084946537269*2^(-60);
force(2,38894) =  -8120252460750611*2^(-60);
force(2,38895) =  -7583720468322074*2^(-60);
force(2,38896) =  -7032488969251660*2^(-60);
force(2,38897) =  -6466557963539368*2^(-60);
force(2,38898) =  -5885927451185199*2^(-60);
force(2,38899) =  -5290597432189152*2^(-60);
force(2,38900) =  -4680567906551227*2^(-60);
force(2,38901) =  -8111677748542849*2^(-61);
force(2,38902) =  -6832820670699488*2^(-61);
force(2,38903) =  -5524564579572372*2^(-61);
force(2,38904) =  -8373818950323001*2^(-62);
force(2,38905) =  -5639710714933747*2^(-62);
force(2,38906) =  -5693608905953966*2^(-63);
force(2,38907) =  -7643743453776408*2^(-66);


% Left hand side - force boundary conditions

% y-forces to balance shear on RHS
force(2,1)  =  7643743453776408*2^(-66);
force(2,2)  =  5693608905953966*2^(-63);
force(2,3)  =  5639710714933747*2^(-62);
force(2,4)  =  8373818950323001*2^(-62);
force(2,5)  =  5524564579572372*2^(-61);
force(2,6)  =  6832820670699488*2^(-61);
force(2,7)  =  8111677748542849*2^(-61);
force(2,8)  =  4680567906551227*2^(-60);
force(2,9)  =  5290597432189152*2^(-60);
force(2,10) =  5885927451185199*2^(-60);
force(2,11) =  6466557963539368*2^(-60);
force(2,12) =  7032488969251660*2^(-60);
force(2,13) =  7583720468322074*2^(-60);
force(2,14) =  8120252460750611*2^(-60);
force(2,15) =  8642084946537269*2^(-60);
force(2,16) =  4574608962841025*2^(-59);
force(2,17) =  4820825699092477*2^(-59);
force(2,18) =  5059692682022989*2^(-59);
force(2,19) =  5291209911632563*2^(-59);
force(2,20) =  5515377387921198*2^(-59);
force(2,21) =  191/19208;
force(2,22) =  5941663080535652*2^(-59);
force(2,23) =  6143781296861470*2^(-59);
force(2,24) =  6338549759866350*2^(-59);
force(2,25) =  6525968469550291*2^(-59);
force(2,26) =  6706037425913293*2^(-59);
force(2,27) =  6878756628955356*2^(-59);
force(2,28) =  7044126078676480*2^(-59);
force(2,29) =  7202145775076665*2^(-59);
force(2,30) =  5/392;
force(2,31) =  7496135907914219*2^(-59);
force(2,32) =  7632106344351588*2^(-59);
force(2,33) =  7760727027468018*2^(-59);
force(2,34) =  7881997957263509*2^(-59);
force(2,35) =  7995919133738062*2^(-59);
force(2,36) =  8102490556891675*2^(-59);
force(2,37) =  8201712226724349*2^(-59);
force(2,38) =  8293584143236085*2^(-59);
force(2,39) =  8378106306426882*2^(-59);
force(2,40) =  8455278716296740*2^(-59);
force(2,41) =  8525101372845659*2^(-59);
force(2,42) =  8587574276073639*2^(-59);
force(2,43) =  8642697425980681*2^(-59);
force(2,44) =  8690470822566783*2^(-59);
force(2,45) =  8730894465831947*2^(-59);
force(2,46) =  8763968355776172*2^(-59);
force(2,47) =  8789692492399458*2^(-59);
force(2,48) =  8808066875701805*2^(-59);
force(2,49) =  8819091505683213*2^(-59);
force(2,51) =  8819091505683213*2^(-59);
force(2,52) =  8808066875701805*2^(-59);
force(2,53) =  8789692492399458*2^(-59);
force(2,54) =  8763968355776172*2^(-59);
force(2,55) =  8730894465831947*2^(-59);
force(2,56) =  8690470822566783*2^(-59);
force(2,57) =  8642697425980681*2^(-59);
force(2,58) =  8587574276073639*2^(-59);
force(2,59) =  8525101372845659*2^(-59);
force(2,60) =  8455278716296740*2^(-59);
force(2,61) =  8378106306426882*2^(-59);
force(2,62) =  8293584143236085*2^(-59);
force(2,63) =  8201712226724349*2^(-59);
force(2,64) =  8102490556891675*2^(-59);
force(2,65) =  7995919133738062*2^(-59);
force(2,66) =  7881997957263509*2^(-59);
force(2,67) =  7760727027468018*2^(-59);
force(2,68) =  7632106344351588*2^(-59);
force(2,69) =  7496135907914219*2^(-59);
force(2,70) =  5/392;
force(2,71) =  7202145775076665*2^(-59);
force(2,72) =  7044126078676480*2^(-59);
force(2,73) =  6878756628955356*2^(-59);
force(2,74) =  6706037425913293*2^(-59);
force(2,75) =  6525968469550291*2^(-59);
force(2,76) =  6338549759866350*2^(-59);
