% DBCs

dispbc(1,1169) = 1;
dispbc(2,1169) = 1;
dispbc(1,1185) = 1;
dispbc(2,1185) = 1;

dispbc(1,1173) = 1;
dispbc(2,1173) = 1;
dispbc(1,1127) = 1;
dispbc(2,1127) = 1;

dispbc(1,4) = 1;
dispbc(1,1) = 1;