% Yet another set of voronoi points

%p = [-3.4 10; 16.4 -10;26.4 20;-13.4 -20];
p = [6 0.5; 14 -0.5; 12 15];