%Multi 6

% p = [ 0.0  2.1;
%       0.1  0.2;
%       0.0 -2.0;
%       2.0  1.1;
%       2.0 -1.0;
%       3.9  2.0;
%       4.0 -0.1;
%       4.0 -2.3;
%       6.1  1.0;
%       6.0 -1.1;
%       8.0  2.1;
%       8.0  0.2;
%       7.9 -2.0;
%       9.9  1.1;
%      10.2 -1.1;
%      12.2  2.0;
%      12.0 -0.1;
%      11.9 -2.1;
%      14.1  1.0;
%      13.8 -0.9;
%      16.1  2.2;
%      16.0  0.2;
%      15.9 -2.0];

%Multi1

p =     [0    2.0000;
         0    0.2000;
         0   -2.0000;
    2.0000    1.1000;
    2.0000   -1.0000;
    4.0000    2.0000;
    4.0000   -0.1000;
    4.0000   -2.0000;
    6.0000    1.0500;
    6.0000   -1.1000;
    8.2000    2.0000;
    8.0000    0.1000;
    8.0000   -2.0000;
   10.0000    1.0000;
   10.0000   -1.1000;
   12.0000    2.0000;
   12.0000   -0.1000;
   12.0000   -2.0000;
   14.0000    1.0000;
   14.0000   -1.1000;
   16.0000    2.0000;
   16.0000    0.2000;
   16.0000   -2.0000];


% Multi5
% p =     [0    2.1000;
%     0.1000    0.2000;
%          0   -2.0000;
%     2.0000    1.1000;
%     2.0000   -1.0000;
%     3.9000    2.0000;
%     4.0000   -0.1000;
%     4.0000   -2.3000;
%     6.1000    1.0000;
%     6.0000   -1.1000;
%     8.0000    2.1000;
%     8.0000    0.2000;
%     7.9000   -2.0000;
%    10.1000    1.1000;
%    10.0000   -1.2000;
%    12.2000    2.0000;
%    12.0000   -0.1000;
%    11.9000   -2.1000;
%    14.1000    1.0000;
%    13.8000   -0.9000;
%    16.1000    2.2000;
%    16.0000    0.2000;
%    16.0000   -2.0000];


%Multi4
% p =     [0    2.0000;
%     0.1000    0.2000;
%          0   -2.0000;
%     2.0000    1.1000;
%     2.0000   -1.0000;
%     3.9000    2.0000;
%     4.0000   -0.1000;
%     4.0000   -2.3000;
%     6.1000    1.0000;
%     6.0000   -1.1000;
%     8.0000    2.1000;
%     8.0000    0.2000;
%     7.9000   -2.0000;
%    10.1000    1.0000;
%    10.0000   -1.1000;
%    12.2000    2.0000;
%    12.0000   -0.1000;
%    12.0000   -2.1000;
%    14.1000    1.0000;
%    14.0000   -0.9000;
%    16.1000    2.2000;
%    16.0000    0.2000;
%    16.0000   -2.0000];

%Multi3
% p =     [0    2.0000;
%     0.1000    0.2000;
%          0   -2.0000;
%     2.0000    1.1000;
%     2.0000   -1.0000;
%     3.9000    2.0000;
%     4.0000   -0.1000;
%     4.0000   -2.3000;
%     6.1000    1.0000;
%     6.0000   -1.1000;
%     8.0000    2.1000;
%     8.0000    0.2000;
%     7.9000   -2.0000;
%    10.1000    1.0000;
%    10.0000   -1.1000;
%    12.0000    2.0000;
%    12.2000   -0.1000;
%    12.0000   -2.1000;
%    14.1000    1.0000;
%    14.0000   -1.1000;
%    16.1000    2.2000;
%    16.0000    0.2000;
%    16.1000   -2.0000];

% % Multi2
% p =     [0    2.0000;
%          0    0.2000;
%          0   -2.0000;
%     2.4000    1.1000;
%     2.0000   -1.1000;
%     3.9000    2.0000;
%     4.0000   -0.1000;
%     4.0000   -2.3000;
%     6.1000    1.0000;
%     5.9000   -1.1000;
%     8.0000    2.1000;
%     8.0000    0.2000;
%     7.7000   -2.1000;
%    10.0000    1.0000;
%    10.0000   -1.1000;
%    12.0000    2.0000;
%    12.2000   -0.1000;
%    12.0000   -2.0000;
%    14.0000    1.0000;
%    14.0000   -0.9000;
%    16.0000    2.0000;
%    16.0000    0.0000;
%    16.0000   -2.0000];